Station ID	Station Code	Station name	Region	Date	Month	Depth1	Depth2	E4/E6	HI	SR	SAR(UV)	UVABS254(filtrert+ufiltrert)	E2/E3	SAR(VIS)	Total CDOM absorbtion	UVABS410(filtrert+ufiltrert)	sUVa 254	UVABS360(filtrert)	UVABS365(filtrert+ufiltrert)	sVISa 410	Farge	S275-295
29612	BUSEDRA	Drammenselva	Skagerrak	06.01.2020 14:15	1	0	0	6.926	0.698	0.867	9.31	0.117	5.046	11.193	1951.178	0.011	3.667	0.025	0.023	0.332	20.569	-0.015
29612	BUSEDRA	Drammenselva	Skagerrak	03.02.2020 15:30	2	0	0	8.288	0.698	0.845	9.313	0.122	5.035	13.008	2034.592	0.011	3.592	0.026	0.024	0.325	21.355	-0.015
29612	BUSEDRA	Drammenselva	Skagerrak	02.03.2020 14:40	3	0	0	9.012	0.696	0.861	9.56	0.119	5.133	13.105	1967.356	0.01	3.607	0.025	0.023	0.317	20.236	-0.015
29612	BUSEDRA	Drammenselva	Skagerrak	14.04.2020 12:00	4	0	0	9.042	0.695	0.863	9.376	0.122	5.073	12.327	2015.324	0.011	3.922	0.026	0.024	0.353	21.161	-0.015
29612	BUSEDRA	Drammenselva	Skagerrak	04.05.2020 12:15	5	0	0	9.558	0.698	0.853	9.208	0.133	4.981	13.429	2226.884	0.012	3.703	0.029	0.027	0.338	23.549	-0.015
29612	BUSEDRA	Drammenselva	Skagerrak	11.05.2020 11:35	5	0	0	5.769	0.697	0.884	9.21	0.127	5.036	10.427	2119.045	0.012	2.894	0.028	0.025	0.266	22.632	-0.015
29612	BUSEDRA	Drammenselva	Skagerrak	25.05.2020 08:15	5	0	0	7.225	0.696	0.872	9.3	0.129	5.04	11.135	2141.239	0.012	3.067	0.028	0.026	0.279	22.698	-0.015
29612	BUSEDRA	Drammenselva	Skagerrak	02.06.2020 12:10	6	0	0	4.811	0.694	0.876	9.384	0.125	5.081	10.851	2063.959	0.011	2.967	0.027	0.025	0.269	21.838	-0.015
29612	BUSEDRA	Drammenselva	Skagerrak	15.06.2020 12:00	6	0	0	7.662	0.695	0.873	9.351	0.137	5.079	12.219	2267.327	0.012	2.912	0.029	0.027	0.262	23.785	-0.015
29612	BUSEDRA	Drammenselva	Skagerrak	22.06.2020 08:45	6	0	0	8.891	0.691	0.889	9.744	0.126	5.226	12.706	2059.079	0.011	2.925	0.026	0.024	0.253	21.084	-0.016
29612	BUSEDRA	Drammenselva	Skagerrak	06.07.2020 12:15	7	0	0	-14.725	0.638	0.75	14.349	0.108	6.559	-3747	1573.63	0.006	2.906	0.018	0.016	0.163	11.649	-0.017
29612	BUSEDRA	Drammenselva	Skagerrak	03.08.2020 12:20	8	0	0	10.624	0.693	0.866	9.65	0.13	5.17	14.155	2144.22	0.011	3.031	0.027	0.025	0.263	21.9	-0.015
29612	BUSEDRA	Drammenselva	Skagerrak	07.09.2020 12:10	9	0	0	5.508	0.689	0.902	10.061	0.113	5.379	11.46	1825.064	0.009	3.132	0.023	0.021	0.261	18.204	-0.016
29612	BUSEDRA	Drammenselva	Skagerrak	05.10.2020 11:45	10	0	0	7.354	0.708	0.81	8.792	0.208	4.826	11.328	3544.034	0.02	3.592	0.047	0.043	0.345	38.739	-0.014
29612	BUSEDRA	Drammenselva	Skagerrak	02.11.2020 12:50	11	0	0	6.938	0.704	0.841	8.812	0.181	4.845	10.493	3067.977	0.017	4.024	0.041	0.037	0.387	33.715	-0.014
29612	BUSEDRA	Drammenselva	Skagerrak	07.12.2020 13:15	12	0	0	8.455	0.698	0.837	9.201	0.136	4.99	12.416	2277.071	0.013	3.891	0.03	0.027	0.357	24.191	-0.015
29613	TELESKI	Skienselva	Skagerrak	14.01.2020 09:00	1	0	0	11.893	0.694	0.785	9.607	0.104	5.088	14.906	1724.8	0.009	3.713	0.022	0.02	0.322	17.43	-0.014
29613	TELESKI	Skienselva	Skagerrak	04.02.2020 09:00	2	0	0	48.154	0.695	0.811	9.624	0.108	5.079	22.625	1791.603	0.009	3.857	0.023	0.021	0.334	18.092	-0.015
29613	TELESKI	Skienselva	Skagerrak	09.03.2020 09:00	3	0	0	8.668	0.698	0.824	9.335	0.112	5.009	13.753	1874.118	0.01	4.007	0.024	0.022	0.357	19.323	-0.015
29613	TELESKI	Skienselva	Skagerrak	14.04.2020 09:00	4	0	0	9.448	0.696	0.832	9.394	0.108	5.023	13.586	1798.287	0.01	3.999	0.023	0.021	0.357	18.657	-0.015
29613	TELESKI	Skienselva	Skagerrak	04.05.2020 09:00	5	0	0	8.803	0.694	0.832	9.628	0.104	5.099	14.416	1721.899	0.009	3.855	0.022	0.02	0.334	17.45	-0.015
29613	TELESKI	Skienselva	Skagerrak	02.06.2020 09:00	6	0	0	9.177	0.69	0.857	9.557	0.096	5.129	13.297	1580.321	0.008	3.833	0.02	0.019	0.338	16.358	-0.015
29613	TELESKI	Skienselva	Skagerrak	06.07.2020 09:00	7	0	0	-43.368	0.642	0.732	14.022	0.085	6.393	377.75	1253.61	0.005	3.139	0.015	0.013	0.181	9.443	-0.016
29613	TELESKI	Skienselva	Skagerrak	03.08.2020 09:00	8	0	0	10.82	0.695	0.838	9.625	0.11	5.07	15.135	1819.944	0.01	3.433	0.024	0.022	0.297	18.417	-0.015
29613	TELESKI	Skienselva	Skagerrak	07.09.2020 09:00	9	0	0	8.789	0.693	0.851	9.468	0.12	5.063	14.453	1982.309	0.011	3.322	0.026	0.024	0.293	20.407	-0.015
29613	TELESKI	Skienselva	Skagerrak	05.10.2020 09:00	10	0	0	8.364	0.698	0.83	9.247	0.131	4.97	12.562	2194.144	0.012	3.64	0.029	0.026	0.332	23.112	-0.015
29613	TELESKI	Skienselva	Skagerrak	02.11.2020 09:00	11	0	0	7.41	0.704	0.806	8.762	0.155	4.77	11.325	2643.198	0.015	4.189	0.035	0.032	0.402	28.793	-0.014
29613	TELESKI	Skienselva	Skagerrak	07.12.2020 09:00	12	0	0	9.101	0.701	0.811	9.089	0.13	4.886	13.872	2189.122	0.012	4.189	0.029	0.027	0.388	23.247	-0.014
29614	VAGEOTR	Otra	Skagerrak	07.01.2020 12:35	1	0	0	7.95	0.717	0.783	8.192	0.128	4.477	12.177	2250.235	0.013	4.138	0.031	0.029	0.426	25.55	-0.013
29614	VAGEOTR	Otra	Skagerrak	03.02.2020 11:10	2	0	0	9.111	0.712	0.773	8.232	0.136	4.52	12.059	2367.172	0.014	4.237	0.033	0.03	0.432	26.73	-0.013
29614	VAGEOTR	Otra	Skagerrak	02.03.2020 14:58	3	0	0	9.633	0.706	0.788	8.54	0.108	4.64	12.941	1865.249	0.011	4.011	0.025	0.023	0.393	20.557	-0.014
29614	VAGEOTR	Otra	Skagerrak	14.04.2020 14:25	4	0	0	8.673	0.698	0.818	8.909	0.092	4.79	13.203	1550.059	0.009	3.979	0.021	0.019	0.377	16.773	-0.014
29614	VAGEOTR	Otra	Skagerrak	04.05.2020 12:05	5	0	0	11.365	0.695	0.805	9.29	0.088	4.922	18.74	1482.036	0.008	3.845	0.02	0.018	0.344	15.294	-0.014
29614	VAGEOTR	Otra	Skagerrak	02.06.2020 14:09	6	0	0	8.053	0.69	0.857	9.493	0.081	5.046	13.53	1338.661	0.007	3.237	0.017	0.016	0.289	13.994	-0.015
29614	VAGEOTR	Otra	Skagerrak	06.07.2020 14:45	7	0	0	-57.938	0.661	0.689	13.14	0.086	6.002	81.625	1310.143	0.005	3.3	0.016	0.014	0.203	10.201	-0.015
29614	VAGEOTR	Otra	Skagerrak	03.08.2020 11:35	8	0	0	10.575	0.707	0.794	8.841	0.127	4.719	14.059	2167.732	0.012	3.622	0.029	0.027	0.342	23.166	-0.014
29614	VAGEOTR	Otra	Skagerrak	07.09.2020 11:55	9	0	0	8.33	0.7	0.806	9.375	0.098	4.932	14.141	1638.339	0.009	3.252	0.022	0.02	0.291	16.9	-0.015
29614	VAGEOTR	Otra	Skagerrak	05.10.2020 09:50	10	0	0	8.703	0.714	0.765	8.683	0.175	4.65	13.514	3024.535	0.017	3.647	0.041	0.038	0.354	32.833	-0.013
29614	VAGEOTR	Otra	Skagerrak	02.11.2020 00:00	11	0	0	7.086	0.721	0.758	8.025	0.19	4.418	10.954	3352.959	0.02	4.307	0.047	0.043	0.453	38.584	-0.013
29614	VAGEOTR	Otra	Skagerrak	07.12.2020 11:05	12	0	0	7.476	0.719	0.755	8.103	0.151	4.443	11.554	2663.384	0.016	4.084	0.037	0.034	0.425	30.437	-0.013
29615	VESENUM	Numedalsl?en	Skagerrak	13.01.2020 12:40	1	0	0	8.053	0.713	0.754	8.563	0.163	4.66	12.308	2822.805	0.016	3.799	0.038	0.035	0.373	31.003	-0.013
29615	VESENUM	Numedalsl?en	Skagerrak	03.02.2020 14:00	2	0	0	7.541	0.713	0.783	8.314	0.175	4.59	11.065	3042.049	0.018	4.074	0.042	0.038	0.415	34.501	-0.013
29615	VESENUM	Numedalsl?en	Skagerrak	02.03.2020 14:20	3	0	0	4.505	0.708	0.81	8.478	0.128	4.686	7.918	2206.655	0.013	3.775	0.03	0.027	0.376	24.725	-0.014
29615	VESENUM	Numedalsl?en	Skagerrak	13.04.2020 11:45	4	0	0	7.1	0.714	0.805	8.197	0.167	4.53	10.169	2910.787	0.017	4.395	0.04	0.037	0.455	33.491	-0.014
29615	VESENUM	Numedalsl?en	Skagerrak	04.05.2020 09:20	5	0	0	7.783	0.717	0.792	8.174	0.192	4.515	11.261	3352.094	0.02	4.166	0.046	0.042	0.43	38.305	-0.013
29615	VESENUM	Numedalsl?en	Skagerrak	02.06.2020 07:45	6	0	0	7.347	0.704	0.825	8.74	0.141	4.76	10.953	2406.55	0.014	3.211	0.032	0.03	0.312	26.556	-0.014
29615	VESENUM	Numedalsl?en	Skagerrak	06.07.2020 13:00	7	0	0	7.039	0.713	0.796	8.75	0.174	4.738	11.87	2984.151	0.017	3.699	0.04	0.037	0.357	32.511	-0.014
29615	VESENUM	Numedalsl?en	Skagerrak	03.08.2020 14:40	8	0	0	8.329	0.714	0.788	8.43	0.244	4.601	11.886	4222.82	0.024	3.928	0.058	0.053	0.393	47.11	-0.014
29615	VESENUM	Numedalsl?en	Skagerrak	07.09.2020 00:00	9	0	0	7.23	0.691	0.863	9.506	0.091	5.102	10.615	1494.067	0.008	3.236	0.019	0.018	0.287	15.542	-0.015
29615	VESENUM	Numedalsl?en	Skagerrak	05.10.2020 14:20	10	0	0	7.983	0.716	0.744	8.699	0.368	4.709	12.475	6351.678	0.036	3.875	0.085	0.078	0.376	69.141	-0.013
29615	VESENUM	Numedalsl?en	Skagerrak	02.11.2020 11:30	11	0	0	7.116	0.718	0.761	8.354	0.289	4.59	10.519	5040.568	0.029	4.253	0.068	0.063	0.43	56.61	-0.013
29615	VESENUM	Numedalsl?en	Skagerrak	07.12.2020 12:15	12	0	0	7.186	0.71	0.773	8.512	0.17	4.649	10.651	2939.454	0.017	4.601	0.04	0.037	0.459	32.841	-0.013
29617	?STEGLO	Glomma ved Sarpsfoss	Skagerrak	13.01.2020 07:10	1	0	0	7.818	0.715	0.777	8.377	0.205	4.621	10.877	3554.731	0.021	3.865	0.048	0.044	0.391	40.14	-0.013
29617	?STEGLO	Glomma ved Sarpsfoss	Skagerrak	10.02.2020 07:15	2	0	0	7.367	0.718	0.774	8.178	0.218	4.534	10.619	3808.495	0.023	3.96	0.052	0.048	0.412	43.805	-0.013
29617	?STEGLO	Glomma ved Sarpsfoss	Skagerrak	02.03.2020 17:30	3	0	0	6.29	0.722	0.795	7.717	0.223	4.349	9.108	3968.931	0.025	4.38	0.056	0.051	0.485	47.825	-0.013
29617	?STEGLO	Glomma ved Sarpsfoss	Skagerrak	14.04.2020 17:40	4	0	0	6.483	0.709	0.82	8.549	0.17	4.713	9.932	2922.77	0.017	4.059	0.039	0.036	0.402	32.69	-0.014
29617	?STEGLO	Glomma ved Sarpsfoss	Skagerrak	11.05.2020 05:15	5	0	0	7.643	0.714	0.808	8.36	0.2	4.639	11.13	3454.635	0.02	2.171	0.047	0.043	0.22	39.25	-0.014
29617	?STEGLO	Glomma ved Sarpsfoss	Skagerrak	18.05.2020 14:00	5	0	0	6.388	0.712	0.825	8.326	0.185	4.626	9.332	3204.866	0.019	5.145	0.043	0.04	0.527	36.741	-0.014
29617	?STEGLO	Glomma ved Sarpsfoss	Skagerrak	25.05.2020 14:45	5	0	0	7.022	0.712	0.827	8.334	0.178	4.624	10.168	3078.752	0.018	3.239	0.042	0.039	0.331	35.213	-0.014
29617	?STEGLO	Glomma ved Sarpsfoss	Skagerrak	02.06.2020 17:00	6	0	0	8.518	0.715	0.803	8.418	0.179	4.634	12.223	3101.153	0.018	3.983	0.042	0.039	0.402	34.965	-0.014
29617	?STEGLO	Glomma ved Sarpsfoss	Skagerrak	15.06.2020 11:00	6	0	0	7.856	0.713	0.812	8.483	0.16	4.67	11.643	2755.242	0.016	3.019	0.037	0.034	0.301	30.867	-0.014
29617	?STEGLO	Glomma ved Sarpsfoss	Skagerrak	25.06.2020 13:20	6	0	0	8.959	0.692	0.88	9.696	0.106	5.24	13.179	1725.88	0.009	3.198	0.022	0.02	0.277	17.674	-0.015
29617	?STEGLO	Glomma ved Sarpsfoss	Skagerrak	06.07.2020 06:45	7	0	0	36.417	0.636	0.738	14.135	0.084	6.569	43.779	1233.977	0.005	2.715	0.014	0.013	0.156	9.358	-0.016
29617	?STEGLO	Glomma ved Sarpsfoss	Skagerrak	04.08.2020 10:20	8	0	0	6.51	0.703	0.851	8.886	0.135	4.869	10.14	2283.532	0.013	3.759	0.03	0.028	0.358	24.923	-0.015
29617	?STEGLO	Glomma ved Sarpsfoss	Skagerrak	07.09.2020 06:50	9	0	0	5.407	0.682	0.91	10.556	0.087	5.605	12.323	1382.121	0.007	3.104	0.017	0.016	0.247	13.39	-0.016
29617	?STEGLO	Glomma ved Sarpsfoss	Skagerrak	05.10.2020 04:45	10	0	0	6.675	0.689	0.883	9.975	0.095	5.333	11.611	1537.383	0.008	3.267	0.019	0.018	0.276	15.507	-0.016
29617	?STEGLO	Glomma ved Sarpsfoss	Skagerrak	02.11.2020 06:00	11	0	0	5.588	0.726	0.797	7.505	0.275	4.278	8.388	4926.322	0.032	4.658	0.069	0.064	0.534	60.964	-0.013
29617	?STEGLO	Glomma ved Sarpsfoss	Skagerrak	07.12.2020 05:55	12	0	0	6.636	0.721	0.783	7.844	0.225	4.407	9.585	3986.544	0.024	4.793	0.055	0.051	0.521	47.342	-0.013
29778	STREORK	Orkla	Norwegian sea	06.01.2020 12:10	1	0	0	6.358	0.736	0.764	7.419	0.171	4.222	9.32	3105.745	0.02	4.079	0.044	0.041	0.468	38.046	-0.012
29778	STREORK	Orkla	Norwegian sea	03.02.2020 09:30	2	0	0	25.974	0.711	0.767	8.84	0.1	4.769	19.054	1704.11	0.009	3.693	0.023	0.021	0.351	18.359	-0.013
29778	STREORK	Orkla	Norwegian sea	02.03.2020 09:30	3	0	0	8.702	0.702	0.81	9.416	0.078	5.017	13.388	1300.329	0.007	3.541	0.017	0.016	0.316	13.471	-0.014
29778	STREORK	Orkla	Norwegian sea	14.04.2020 07:50	4	0	0	9.041	0.724	0.76	8.217	0.149	4.525	12.291	2622.704	0.015	3.933	0.036	0.033	0.405	29.756	-0.013
29778	STREORK	Orkla	Norwegian sea	04.05.2020 14:45	5	0	0	6.003	0.725	0.778	7.909	0.156	4.414	9.77	2756.73	0.017	3.994	0.038	0.035	0.43	32.43	-0.013
29778	STREORK	Orkla	Norwegian sea	02.06.2020 13:00	6	0	0	5.904	0.728	0.783	7.603	0.125	4.294	9.627	2241.267	0.014	4.172	0.031	0.029	0.468	27.191	-0.013
29778	STREORK	Orkla	Norwegian sea	06.07.2020 12:00	7	0	0	7.923	0.716	0.824	8.519	0.09	4.682	11.419	1553.877	0.009	1.958	0.021	0.019	0.196	17.419	-0.014
29778	STREORK	Orkla	Norwegian sea	04.08.2020 09:00	8	0	0	7.67	0.738	0.738	7.649	0.287	4.268	11.298	5187.577	0.032	3.118	0.073	0.067	0.346	61.579	-0.012
29778	STREORK	Orkla	Norwegian sea	07.09.2020 11:10	9	0	0	242.333	0.705	0.831	9.353	0.081	5.014	27.377	1359.926	0.007	2.908	0.018	0.016	0.261	14.141	-0.015
29778	STREORK	Orkla	Norwegian sea	05.10.2020 10:30	10	0	0	8.151	0.705	0.842	9.18	0.09	5	12.796	1504.067	0.008	3.205	0.02	0.018	0.295	15.991	-0.015
29778	STREORK	Orkla	Norwegian sea	02.11.2020 11:00	11	0	0	5.744	0.725	0.785	7.883	0.127	4.438	9.379	2254.446	0.014	4.249	0.031	0.029	0.461	26.753	-0.013
29778	STREORK	Orkla	Norwegian sea	07.12.2020 11:30	12	0	0	7.095	0.703	0.831	9.276	0.072	5.016	11.156	1200.489	0.007	3.78	0.016	0.014	0.343	12.593	-0.015
29779	FINEALT	Altaelva	Barents sea	07.01.2020 13:05	1	0	0	8.425	0.696	0.855	9.434	0.105	5.064	13.704	1735.545	0.009	3.878	0.023	0.021	0.346	18.085	-0.015
29779	FINEALT	Altaelva	Barents sea	05.02.2020 11:30	2	0	0	-7.71	0.691	0.823	10.192	0.088	5.284	179.542	1429.537	0.007	3.253	0.018	0.017	0.265	13.847	-0.015
29779	FINEALT	Altaelva	Barents sea	03.03.2020 12:25	3	0	0	10.364	0.694	0.837	9.711	0.094	5.106	14.429	1554.55	0.008	3.487	0.02	0.018	0.304	15.898	-0.015
29779	FINEALT	Altaelva	Barents sea	14.04.2020 14:00	4	0	0	4.505	0.691	0.895	9.384	0.096	5.121	9.328	1584.54	0.009	3.559	0.02	0.019	0.321	16.776	-0.015
29779	FINEALT	Altaelva	Barents sea	04.05.2020 10:45	5	0	0	8.573	0.696	0.834	9.594	0.082	5.067	14.906	1353.301	0.007	3.408	0.018	0.016	0.297	13.781	-0.015
29779	FINEALT	Altaelva	Barents sea	02.06.2020 09:30	6	0	0	4.701	0.716	0.852	7.541	0.137	4.359	7.603	2418.575	0.016	2.396	0.034	0.031	0.274	30.267	-0.013
29779	FINEALT	Altaelva	Barents sea	06.07.2020 09:00	7	0	0	6.959	0.712	0.832	8.079	0.135	4.532	10.3	2352.008	0.014	2.25	0.032	0.03	0.237	27.485	-0.014
29779	FINEALT	Altaelva	Barents sea	03.08.2020 09:55	8	0	0	10.135	0.698	0.84	9.333	0.113	4.984	14.887	1888.726	0.01	2.465	0.025	0.023	0.223	19.841	-0.015
29779	FINEALT	Altaelva	Barents sea	07.09.2020 12:30	9	0	0	10.426	0.694	0.868	9.499	0.109	5.122	15.655	1790.323	0.01	3.193	0.023	0.021	0.283	18.603	-0.015
29779	FINEALT	Altaelva	Barents sea	05.10.2020 10:50	10	0	0	7.528	0.695	0.85	9.476	0.121	5.062	12.385	1998.955	0.011	3.447	0.026	0.024	0.306	20.716	-0.015
29779	FINEALT	Altaelva	Barents sea	02.11.2020 11:35	11	0	0	6.483	0.694	0.858	9.415	0.109	5.072	11.568	1804.243	0.01	3.89	0.023	0.021	0.348	18.862	-0.015
29779	FINEALT	Altaelva	Barents sea	07.12.2020 11:05	12	0	0	13.673	0.699	0.823	9.469	0.111	5.038	16.547	1841.85	0.01	3.687	0.024	0.022	0.327	18.978	-0.015
29782	NOREVEF	Vefsna	Norwegian sea	14.01.2020 10:00	1	0	0	4.669	0.723	0.768	7.498	0.074	4.351	7.59	1318.038	0.008	3.888	0.018	0.017	0.442	16.235	-0.012
29782	NOREVEF	Vefsna	Norwegian sea	07.02.2020 10:10	2	0	0	-6.303	0.71	0.793	9.122	0.055	4.906	201.533	931.754	0.005	3.677	0.012	0.011	0.335	9.725	-0.014
29782	NOREVEF	Vefsna	Norwegian sea	02.03.2020 10:15	3	0	0	6.498	0.708	0.828	9.161	0.05	4.937	11.628	839.273	0.005	3.561	0.011	0.01	0.33	8.944	-0.014
29782	NOREVEF	Vefsna	Norwegian sea	14.04.2020 09:00	4	0	0	9.284	0.721	0.823	8.286	0.072	4.6	12.557	1259.297	0.007	4.023	0.017	0.016	0.415	14.439	-0.014
29782	NOREVEF	Vefsna	Norwegian sea	05.05.2020 04:30	5	0	0	6.168	0.73	0.808	7.745	0.098	4.373	10.152	1750.053	0.011	4.273	0.024	0.022	0.469	20.867	-0.013
29782	NOREVEF	Vefsna	Norwegian sea	02.06.2020 10:30	6	0	0	5.543	0.725	0.818	7.734	0.067	4.404	8.918	1189.984	0.007	3.952	0.016	0.015	0.436	14.331	-0.013
29782	NOREVEF	Vefsna	Norwegian sea	06.07.2020 11:15	7	0	0	5.091	0.679	0.908	9.35	0.032	5.16	9.011	514.613	0.003	1.432	0.007	0.006	0.128	5.43	-0.016
29782	NOREVEF	Vefsna	Norwegian sea	03.08.2020 09:00	8	0	0	3.297	0.705	0.928	8.734	0.022	4.82	6.255	377.068	0.002	1.592	0.005	0.005	0.158	4.272	-0.015
29782	NOREVEF	Vefsna	Norwegian sea	07.09.2020 09:30	9	0	0	8.832	0.742	0.766	7.702	0.107	4.311	13.034	1926.87	0.012	3.338	0.027	0.025	0.367	22.732	-0.013
29782	NOREVEF	Vefsna	Norwegian sea	05.10.2020 04:15	10	0	0	4.957	0.709	0.879	8.571	0.047	4.843	9.681	795.986	0.005	3.12	0.011	0.01	0.308	8.932	-0.015
29782	NOREVEF	Vefsna	Norwegian sea	02.11.2020 10:50	11	0	0	7.008	0.733	0.783	7.67	0.069	4.357	10.535	1227.528	0.008	4.283	0.017	0.016	0.476	14.749	-0.013
29782	NOREVEF	Vefsna	Norwegian sea	07.12.2020 10:30	12	0	0	8.308	0.712	0.815	8.744	0.053	4.783	12.184	909.967	0.005	3.805	0.012	0.011	0.368	9.973	-0.014
29783	ROGEORR	Orreelva	North sea	06.01.2020 13:00	1	0	0	8.083	0.692	0.82	9.826	0.192	5.252	12.911	3126.118	0.016	2.993	0.04	0.036	0.256	31.707	-0.015
29783	ROGEORR	Orreelva	North sea	04.02.2020 10:25	2	0	0	27.289	0.695	0.765	10.112	0.189	5.283	22.035	3094.248	0.016	3.788	0.039	0.036	0.313	30.275	-0.014
29783	ROGEORR	Orreelva	North sea	03.03.2020 08:00	3	0	0	8.101	0.7	0.771	9.6	0.189	5.107	13.85	3131.771	0.017	3.376	0.041	0.037	0.295	31.978	-0.014
29783	ROGEORR	Orreelva	North sea	14.04.2020 09:55	4	0	0	10.547	0.681	0.857	11.345	0.154	5.895	17.549	2409.319	0.011	2.414	0.029	0.026	0.177	21.962	-0.016
29783	ROGEORR	Orreelva	North sea	04.05.2020 09:17	5	0	0	13.307	0.671	0.89	12.488	0.148	6.342	18.135	2234.184	0.01	3.013	0.026	0.023	0.199	18.901	-0.017
29783	ROGEORR	Orreelva	North sea	02.06.2020 10:00	6	0	0	6.98	0.657	1.001	12.648	0.151	6.678	12.586	2227.458	0.01	2.151	0.025	0.023	0.142	19.269	-0.018
29783	ROGEORR	Orreelva	North sea	06.07.2020 09:10	7	0	0	16.582	0.655	0.956	13.326	0.158	6.758	25.425	2320.885	0.01	1.68	0.026	0.023	0.104	18.874	-0.018
29783	ROGEORR	Orreelva	North sea	03.08.2020 08:45	8	0	0	10.216	0.667	0.923	11.802	0.165	6.133	16.742	2520.217	0.012	2.465	0.029	0.027	0.174	22.597	-0.017
29783	ROGEORR	Orreelva	North sea	07.09.2020 09:00	9	0	0	15.684	0.658	0.941	13.041	0.149	6.622	27.946	2215.908	0.009	1.779	0.025	0.023	0.113	18.309	-0.018
29783	ROGEORR	Orreelva	North sea	05.10.2020 07:10	10	0	0	7.732	0.691	0.91	11.322	0.168	5.942	14.272	2622.602	0.012	2.178	0.031	0.028	0.162	24.087	-0.017
29783	ROGEORR	Orreelva	North sea	02.11.2020 10:55	11	0	0	9.748	0.686	0.847	10.45	0.18	5.535	14.47	2872.074	0.014	2.566	0.035	0.032	0.206	27.956	-0.015
29783	ROGEORR	Orreelva	North sea	07.12.2020 10:30	12	0	0	10.94	0.702	0.765	9.568	0.221	5.063	15.329	3669.952	0.019	3.197	0.048	0.044	0.282	37.597	-0.014
29819	FINEPAS	Pasvikelva	Barents sea	15.01.2020 10:45	1	0	0	6.628	0.673	0.914	10.617	0.09	5.652	10.811	1415.81	0.007	3.206	0.017	0.016	0.252	13.68	-0.016
29819	FINEPAS	Pasvikelva	Barents sea	03.02.2020 12:30	2	0	0	-2.892	0.669	0.906	12.024	0.091	6.028	-23.538	1392.076	0.006	3.123	0.016	0.015	0.213	11.966	-0.018
29819	FINEPAS	Pasvikelva	Barents sea	03.03.2020 09:30	3	0	0	6.796	0.671	0.957	11.018	0.093	5.786	10.692	1449.035	0.007	3.307	0.017	0.016	0.254	13.777	-0.017
29819	FINEPAS	Pasvikelva	Barents sea	13.04.2020 14:30	4	0	0	6.082	0.674	0.976	10.364	0.088	5.588	8.96	1389.811	0.007	3.131	0.017	0.016	0.257	13.909	-0.017
29819	FINEPAS	Pasvikelva	Barents sea	03.05.2020 17:00	5	0	0	4.076	0.681	0.984	9.921	0.086	5.449	7.746	1382.504	0.007	1.998	0.017	0.016	0.171	14.265	-0.017
29819	FINEPAS	Pasvikelva	Barents sea	01.06.2020 14:15	6	0	0	6.441	0.704	0.863	8.511	0.154	4.725	10.067	2634.408	0.015	2.913	0.035	0.033	0.291	29.849	-0.014
29819	FINEPAS	Pasvikelva	Barents sea	06.07.2020 08:30	7	0	0	7.863	0.697	0.888	9.193	0.145	5.035	11.307	2414.055	0.013	3.45	0.031	0.029	0.317	25.759	-0.015
29819	FINEPAS	Pasvikelva	Barents sea	10.08.2020 08:00	8	0	0	6.922	0.688	0.91	9.993	0.119	5.342	12.126	1928.504	0.01	3.051	0.024	0.022	0.257	19.42	-0.016
29819	FINEPAS	Pasvikelva	Barents sea	07.09.2020 14:45	9	0	0	8.087	0.683	0.93	10.435	0.108	5.547	12.2	1729.333	0.009	2.925	0.021	0.02	0.237	16.966	-0.017
29819	FINEPAS	Pasvikelva	Barents sea	05.10.2020 11:50	10	0	0	5.962	0.684	0.932	10.086	0.111	5.447	10.503	1782.808	0.009	3.259	0.022	0.02	0.275	18.061	-0.016
29819	FINEPAS	Pasvikelva	Barents sea	01.11.2020 11:00	11	0	0	6.861	0.693	0.902	9.636	0.122	5.25	10.388	2005.107	0.011	3.495	0.025	0.023	0.307	20.797	-0.016
29819	FINEPAS	Pasvikelva	Barents sea	06.12.2020 11:00	12	0	0	6.554	0.685	0.903	10.16	0.113	5.435	11.985	1824.879	0.009	3.331	0.023	0.021	0.272	17.926	-0.016
29820	FINETAN	Tanaelva	Barents sea	06.01.2020 10:00	1	0	0	5.194	0.707	0.785	9.268	0.065	4.896	8.102	1096.433	0.006	3.825	0.015	0.013	0.341	11.231	-0.014
29820	FINETAN	Tanaelva	Barents sea	04.02.2020 10:00	2	0	0	-2.177	0.702	0.739	10.076	0.058	5.061	-13.744	969.581	0.005	3.438	0.013	0.012	0.282	9.273	-0.014
29820	FINETAN	Tanaelva	Barents sea	09.03.2020 11:00	3	0	0	10.317	0.709	0.812	9.675	0.058	5.081	14.675	974.588	0.005	3.079	0.013	0.012	0.268	9.857	-0.015
29820	FINETAN	Tanaelva	Barents sea	14.04.2020 09:00	4	0	0	7.411	0.707	0.809	8.863	0.051	4.771	11.096	873.623	0.005	3.667	0.012	0.011	0.351	9.501	-0.014
29820	FINETAN	Tanaelva	Barents sea	04.05.2020 11:00	5	0	0	3.773	0.71	0.927	9.516	0.032	5.188	7.142	536.349	0.003	2.321	0.007	0.006	0.206	5.592	-0.016
29820	FINETAN	Tanaelva	Barents sea	02.06.2020 17:30	6	0	0	7.001	0.726	0.768	7.715	0.256	4.311	10.872	4575.113	0.028	3.659	0.064	0.059	0.403	54.54	-0.013
29820	FINETAN	Tanaelva	Barents sea	10.06.2020 09:00	6	0	0	7.874	0.726	0.771	7.604	0.211	4.266	10.817	3786.231	0.024	3.7	0.054	0.049	0.413	45.562	-0.013
29820	FINETAN	Tanaelva	Barents sea	24.06.2020 10:00	6	0	0	8.312	0.711	0.821	8.169	0.113	4.538	11.166	1971.939	0.012	3.152	0.027	0.025	0.326	22.736	-0.014
29820	FINETAN	Tanaelva	Barents sea	10.08.2020 13:00	8	0	0	10.59	0.702	0.836	9.317	0.105	4.966	17.242	1758.761	0.009	3.283	0.023	0.021	0.296	18.34	-0.015
29820	FINETAN	Tanaelva	Barents sea	07.09.2020 11:30	9	0	0	7.81	0.704	0.829	9.138	0.11	4.902	12.232	1849.105	0.01	3.326	0.024	0.022	0.308	19.644	-0.015
29820	FINETAN	Tanaelva	Barents sea	05.10.2020 13:00	10	0	0	9.43	0.706	0.82	9.068	0.096	4.897	13.751	1620.254	0.009	3.2	0.021	0.02	0.298	17.291	-0.014
29820	FINETAN	Tanaelva	Barents sea	02.11.2020 15:00	11	0	0	7.837	0.709	0.793	9.048	0.092	4.831	13.036	1566.656	0.009	3.843	0.021	0.019	0.357	16.598	-0.014
29820	FINETAN	Tanaelva	Barents sea	08.12.2020 11:00	12	0	0	8.189	0.717	0.754	8.425	0.099	4.593	12.506	1731.423	0.01	3.684	0.024	0.022	0.365	19.044	-0.013
29821	HOREVOS	Vosso (Bolstadelvi)	North sea	06.01.2020 12:50	1	0	0	5.196	0.723	0.785	7.965	0.061	4.458	9.198	1081.724	0.007	4.375	0.015	0.014	0.465	12.589	-0.013
29821	HOREVOS	Vosso (Bolstadelvi)	North sea	03.02.2020 13:50	2	0	0	-44.696	0.716	0.732	8.752	0.053	4.706	34.954	917.858	0.005	4.094	0.012	0.011	0.392	9.853	-0.013
29821	HOREVOS	Vosso (Bolstadelvi)	North sea	02.03.2020 11:00	3	0	0	9.288	0.71	0.742	9.44	0.047	4.88	20.702	800.433	0.004	3.638	0.01	0.01	0.324	8.146	-0.014
29821	HOREVOS	Vosso (Bolstadelvi)	North sea	14.04.2020 18:15	4	0	0	8.346	0.71	0.773	8.921	0.055	4.781	12.664	940.708	0.005	4.594	0.013	0.012	0.433	10.05	-0.014
29821	HOREVOS	Vosso (Bolstadelvi)	North sea	04.05.2020 12:55	5	0	0	8.496	0.708	0.786	8.96	0.052	4.857	15.551	885.695	0.005	4.343	0.012	0.011	0.401	9.315	-0.014
29821	HOREVOS	Vosso (Bolstadelvi)	North sea	02.06.2020 10:05	6	0	0	4.158	0.71	0.804	8.635	0.046	4.72	8.967	796.397	0.005	3.871	0.011	0.01	0.378	8.777	-0.014
29821	HOREVOS	Vosso (Bolstadelvi)	North sea	06.07.2020 12:30	7	0	0	5.822	0.727	0.777	8.089	0.044	4.459	11.02	787.158	0.005	3.171	0.011	0.01	0.33	8.947	-0.013
29821	HOREVOS	Vosso (Bolstadelvi)	North sea	03.08.2020 10:45	8	0	0	4.973	0.71	0.834	8.08	0.03	4.546	8.477	530.09	0.003	4.055	0.007	0.007	0.426	6.177	-0.014
29821	HOREVOS	Vosso (Bolstadelvi)	North sea	21.09.2020 11:40	9	0	0	10.802	0.725	0.745	8.495	0.064	4.575	18.804	1112.495	0.006	3.346	0.015	0.014	0.332	12.206	-0.013
29821	HOREVOS	Vosso (Bolstadelvi)	North sea	06.10.2020 11:40	10	0	0	67.7	0.713	0.73	9.617	0.044	4.95	50.867	744.197	0.004	3.387	0.01	0.009	0.292	7.345	-0.014
29821	HOREVOS	Vosso (Bolstadelvi)	North sea	02.11.2020 12:40	11	0	0	7.324	0.725	0.753	8.131	0.066	4.508	10.483	1169.798	0.007	4.421	0.016	0.015	0.459	13.332	-0.013
29821	HOREVOS	Vosso (Bolstadelvi)	North sea	08.12.2020 14:00	12	0	0	7.88	0.723	0.734	8.368	0.055	4.56	13.229	966.195	0.006	4.241	0.013	0.012	0.431	10.848	-0.013
29822	MROEDRI	Driva	Norwegian sea	06.01.2020 11:00	1	0	0	5.073	0.71	0.82	8.271	0.069	4.649	8.793	1193.25	0.007	3.636	0.016	0.015	0.377	13.851	-0.013
29822	MROEDRI	Driva	Norwegian sea	03.02.2020 16:00	2	0	0	-2.368	0.678	0.812	11.686	0.035	5.851	-15.646	549.905	0.002	3.191	0.007	0.006	0.22	4.69	-0.016
29822	MROEDRI	Driva	Norwegian sea	02.03.2020 08:00	3	0	0	4.418	0.677	0.872	11.35	0.034	5.801	8.26	532.804	0.003	2.828	0.006	0.006	0.211	4.892	-0.016
29822	MROEDRI	Driva	Norwegian sea	14.04.2020 18:00	4	0	0	9.261	0.693	0.805	9.897	0.075	5.28	12.508	1217.317	0.006	3.388	0.015	0.014	0.286	12.175	-0.014
29822	MROEDRI	Driva	Norwegian sea	04.05.2020 21:00	5	0	0	9.617	0.69	0.858	9.832	0.064	5.286	12.885	1039.91	0.005	3.361	0.013	0.012	0.286	10.515	-0.015
29822	MROEDRI	Driva	Norwegian sea	02.06.2020 08:00	6	0	0	5.65	0.712	0.817	8.357	0.088	4.651	9.875	1525.282	0.009	2.854	0.021	0.019	0.289	17.357	-0.014
29822	MROEDRI	Driva	Norwegian sea	06.07.2020 09:00	7	0	0	6.45	0.641	0.804	12.626	0.028	6.232	13.778	421.308	0.002	1.281	0.005	0.005	0.082	3.506	-0.016
29822	MROEDRI	Driva	Norwegian sea	03.08.2020 09:00	8	0	0	21.133	0.681	0.928	10.55	0.02	5.522	14.672	315.139	0.002	1.321	0.004	0.004	0.104	3.03	-0.017
29822	MROEDRI	Driva	Norwegian sea	07.09.2020 20:00	9	0	0	-15.45	0.687	0.899	10.667	0.02	5.562	158	321.887	0.002	2.022	0.004	0.004	0.161	3.123	-0.016
29822	MROEDRI	Driva	Norwegian sea	05.10.2020 19:00	10	0	0	6.596	0.692	0.85	10.775	0.023	5.599	14.681	365.667	0.002	2.476	0.005	0.004	0.196	3.483	-0.016
29822	MROEDRI	Driva	Norwegian sea	02.11.2020 10:30	11	0	0	4.856	0.705	0.828	8.787	0.039	4.894	8.498	664.447	0.004	3.571	0.009	0.008	0.348	7.415	-0.014
29822	MROEDRI	Driva	Norwegian sea	07.12.2020 09:00	12	0	0	2.962	0.684	0.872	10.31	0.03	5.446	9.068	487.445	0.003	3.123	0.006	0.006	0.258	4.849	-0.016
29832	ROGEBJE	Bjerkreimselva	North sea	08.01.2020 16:00	1	0	0	6.288	0.715	0.817	8.171	0.061	4.56	10.748	1070.452	0.006	4.098	0.015	0.013	0.415	12.051	-0.014
29832	ROGEBJE	Bjerkreimselva	North sea	17.02.2020 15:45	2	0	0	14.671	0.711	0.796	8.654	0.056	4.689	16.843	959.267	0.005	3.977	0.013	0.012	0.382	10.36	-0.014
29832	ROGEBJE	Bjerkreimselva	North sea	03.03.2020 16:40	3	0	0	9.129	0.712	0.8	8.552	0.052	4.701	12.957	897.022	0.005	4.006	0.012	0.011	0.39	9.803	-0.014
29832	ROGEBJE	Bjerkreimselva	North sea	16.04.2020 16:30	4	0	0	12.528	0.711	0.821	8.887	0.047	4.798	16.061	803.134	0.004	3.925	0.011	0.01	0.369	8.576	-0.014
29832	ROGEBJE	Bjerkreimselva	North sea	05.05.2020 16:31	5	0	0	20.737	0.706	0.842	9.406	0.045	5.008	18.053	756.323	0.004	3.764	0.01	0.009	0.332	7.697	-0.015
29832	ROGEBJE	Bjerkreimselva	North sea	02.06.2020 16:30	6	0	0	6.851	0.704	0.883	8.888	0.047	4.887	11.862	797.296	0.005	2.778	0.011	0.01	0.266	8.735	-0.015
29832	ROGEBJE	Bjerkreimselva	North sea	06.07.2020 16:45	7	0	0	7.137	0.716	0.82	8.701	0.071	4.727	12.119	1223.992	0.007	3.23	0.016	0.015	0.315	13.41	-0.014
29832	ROGEBJE	Bjerkreimselva	North sea	10.08.2020 11:00	8	0	0	5.4	0.718	0.873	8.012	0.081	4.529	8.889	1419.629	0.009	3.53	0.019	0.018	0.377	16.769	-0.014
29832	ROGEBJE	Bjerkreimselva	North sea	07.09.2020 11:00	9	0	0	8.74	0.714	0.824	9.017	0.069	4.836	16.431	1170.969	0.006	3.125	0.016	0.014	0.289	12.287	-0.015
29832	ROGEBJE	Bjerkreimselva	North sea	07.10.2020 15:00	10	0	0	6.973	0.715	0.822	8.456	0.074	4.643	11.869	1274.526	0.007	3.508	0.017	0.016	0.352	14.292	-0.014
29832	ROGEBJE	Bjerkreimselva	North sea	10.11.2020 15:17	11	0	0	7.463	0.72	0.816	8.335	0.075	4.61	11.997	1313.605	0.008	3.968	0.018	0.016	0.402	14.795	-0.014
29832	ROGEBJE	Bjerkreimselva	North sea	07.12.2020 15:28	12	0	0	6.174	0.72	0.779	8.234	0.067	4.502	11.321	1179.923	0.007	3.959	0.016	0.015	0.408	13.41	-0.013
29837	ROGEVIK	Vikedalselva	North sea	07.01.2020 12:30	1	0	0	5.505	0.717	0.795	8.056	0.049	4.497	9.465	855.593	0.005	3.754	0.012	0.011	0.394	9.923	-0.013
29837	ROGEVIK	Vikedalselva	North sea	03.02.2020 12:30	2	0	0	-28	0.713	0.759	8.727	0.043	4.701	27.5	743.825	0.004	3.927	0.01	0.009	0.375	7.988	-0.013
29837	ROGEVIK	Vikedalselva	North sea	02.03.2020 09:30	3	0	0	5.093	0.712	0.75	8.825	0.036	4.693	10.074	620.953	0.003	3.281	0.008	0.008	0.317	6.749	-0.013
29837	ROGEVIK	Vikedalselva	North sea	14.04.2020 10:30	4	0	0	9.128	0.708	0.818	8.965	0.035	4.89	12.401	591.114	0.003	3.967	0.008	0.007	0.375	6.389	-0.014
29837	ROGEVIK	Vikedalselva	North sea	04.05.2020 09:16	5	0	0	-53.4	0.7	0.786	9.557	0.031	5.051	19.827	510.467	0.003	3.612	0.007	0.006	0.309	5.081	-0.014
29837	ROGEVIK	Vikedalselva	North sea	08.06.2020 13:00	6	0	0	7.007	0.701	0.851	8.719	0.04	4.816	10.527	685.216	0.004	3.671	0.009	0.008	0.355	7.55	-0.014
29837	ROGEVIK	Vikedalselva	North sea	06.07.2020 13:20	7	0	0	5.902	0.691	0.695	11.682	0.075	5.53	17.922	1205.146	0.005	2.792	0.015	0.014	0.194	10.151	-0.015
29837	ROGEVIK	Vikedalselva	North sea	27.07.2020 11:45	8	0	0	8.995	0.736	0.719	8.104	0.149	4.431	12.937	2650.903	0.015	3.812	0.037	0.034	0.396	29.853	-0.012
29837	ROGEVIK	Vikedalselva	North sea	07.09.2020 12:00	9	0	0	12.162	0.715	0.782	8.945	0.071	4.8	18.338	1212.673	0.007	3.081	0.016	0.015	0.289	12.852	-0.014
29837	ROGEVIK	Vikedalselva	North sea	05.10.2020 09:32	10	0	0	5.158	0.715	0.798	8.527	0.055	4.72	10.17	951.333	0.006	3.244	0.013	0.012	0.324	10.658	-0.014
29837	ROGEVIK	Vikedalselva	North sea	02.11.2020 10:55	11	0	0	6.99	0.731	0.735	7.927	0.089	4.397	11.31	1585.935	0.009	4.235	0.022	0.02	0.451	18.34	-0.012
29837	ROGEVIK	Vikedalselva	North sea	07.12.2020 09:15	12	0	0	6.527	0.719	0.741	8.401	0.049	4.558	10.996	858.993	0.005	3.781	0.012	0.011	0.385	9.69	-0.013
29842	SFJENAU	Nausta	North sea	08.01.2020 14:20	1	0	0	5.139	0.736	0.76	7.215	0.056	4.099	8.908	1027.19	0.007	4.311	0.015	0.014	0.507	12.748	-0.012
29842	SFJENAU	Nausta	North sea	11.02.2020 11:00	2	0	0	12.667	0.732	0.715	7.813	0.073	4.282	12.692	1320.966	0.008	4.892	0.019	0.017	0.529	15.348	-0.012
29842	SFJENAU	Nausta	North sea	10.03.2020 09:30	3	0	0	8.22	0.734	0.708	7.94	0.071	4.313	12.361	1269.492	0.008	4.711	0.018	0.016	0.5	14.516	-0.012
29842	SFJENAU	Nausta	North sea	23.04.2020 12:00	4	0	0	6.218	0.729	0.768	7.763	0.063	4.296	11.129	1127.475	0.007	4.492	0.016	0.015	0.488	13.216	-0.013
29842	SFJENAU	Nausta	North sea	06.05.2020 13:30	5	0	0	7.228	0.739	0.74	7.534	0.097	4.204	12.476	1761.812	0.011	3.873	0.025	0.023	0.433	20.964	-0.012
29842	SFJENAU	Nausta	North sea	08.06.2020 13:00	6	0	0	5.667	0.723	0.802	7.492	0.046	4.251	8.781	830.165	0.005	3.552	0.012	0.011	0.4	10.066	-0.013
29842	SFJENAU	Nausta	North sea	06.07.2020 10:00	7	0	0	5.608	0.727	0.772	8.221	0.046	4.465	10.84	806.797	0.005	3.51	0.011	0.01	0.364	9.145	-0.013
29842	SFJENAU	Nausta	North sea	12.08.2020 10:00	8	0	0	6.183	0.721	0.786	8.021	0.053	4.439	10.335	934.832	0.006	3.306	0.013	0.012	0.351	10.875	-0.013
29842	SFJENAU	Nausta	North sea	08.09.2020 10:40	9	0	0	9.947	0.749	0.698	7.454	0.175	4.123	12.833	3218.905	0.02	4.159	0.046	0.042	0.471	38.247	-0.012
29842	SFJENAU	Nausta	North sea	01.10.2020 11:00	10	0	0	7.695	0.741	0.718	7.739	0.097	4.257	12.705	1754.528	0.011	3.87	0.025	0.023	0.422	20.426	-0.012
29842	SFJENAU	Nausta	North sea	16.11.2020 12:00	11	0	0	4.651	0.757	0.685	7.074	0.155	3.997	8.698	2906.298	0.019	5.001	0.042	0.039	0.603	36.177	-0.011
29842	SFJENAU	Nausta	North sea	02.12.2020 11:30	12	0	0	8.935	0.733	0.712	7.999	0.063	4.34	13.003	1121.418	0.007	4.472	0.016	0.014	0.475	12.868	-0.012
29844	STRENID	Nidelva (Tr.heim)	Norwegian sea	06.01.2020 14:00	1	0	2	8.01	0.713	0.836	8.472	0.112	4.683	11.951	1927.052	0.011	4.307	0.026	0.024	0.427	21.498	-0.014
29844	STRENID	Nidelva (Tr.heim)	Norwegian sea	03.02.2020 11:45	2	0	0	54.949	0.71	0.825	8.751	0.107	4.776	19.668	1820.91	0.01	4.104	0.024	0.022	0.393	19.76	-0.014
29844	STRENID	Nidelva (Tr.heim)	Norwegian sea	02.03.2020 11:00	3	0	0	9.264	0.709	0.828	8.905	0.102	4.812	13.198	1738.817	0.01	4.09	0.023	0.021	0.389	18.8	-0.014
29844	STRENID	Nidelva (Tr.heim)	Norwegian sea	14.04.2020 11:00	4	0	0	6.206	0.712	0.838	8.509	0.107	4.707	9.872	1835.63	0.011	4.274	0.025	0.023	0.425	20.561	-0.014
29844	STRENID	Nidelva (Tr.heim)	Norwegian sea	04.05.2020 10:00	5	0	0	7.491	0.711	0.825	8.751	0.106	4.758	12.307	1810.92	0.01	4.239	0.024	0.022	0.408	19.733	-0.014
29844	STRENID	Nidelva (Tr.heim)	Norwegian sea	02.06.2020 10:30	6	0	0	4.843	0.717	0.849	8.065	0.111	4.55	8.891	1929.963	0.012	4.101	0.026	0.024	0.433	22.605	-0.014
29844	STRENID	Nidelva (Tr.heim)	Norwegian sea	06.07.2020 10:45	7	0	0	6.747	0.71	0.869	8.538	0.086	4.73	11.318	1477.584	0.009	2.612	0.02	0.018	0.26	16.571	-0.015
29844	STRENID	Nidelva (Tr.heim)	Norwegian sea	03.08.2020 10:05	8	0	0	7.869	0.714	0.841	8.586	0.098	4.729	11.952	1687.154	0.01	2.809	0.023	0.021	0.277	18.766	-0.014
29844	STRENID	Nidelva (Tr.heim)	Norwegian sea	07.09.2020 09:05	9	0	0	23.63	0.708	0.847	9.103	0.091	4.918	19.682	1541.645	0.008	3.515	0.02	0.019	0.324	16.285	-0.015
29844	STRENID	Nidelva (Tr.heim)	Norwegian sea	05.10.2020 10:20	10	0	0	8.426	0.71	0.829	8.856	0.106	4.815	13.243	1804.978	0.01	3.787	0.024	0.022	0.362	19.605	-0.014
29844	STRENID	Nidelva (Tr.heim)	Norwegian sea	02.11.2020 11:50	11	0	0	6.759	0.71	0.842	8.589	0.1	4.74	11.045	1717.962	0.01	4.364	0.023	0.021	0.43	19.118	-0.014
29844	STRENID	Nidelva (Tr.heim)	Norwegian sea	07.12.2020 11:30	12	0	0	7.238	0.711	0.836	8.715	0.095	4.771	12.077	1630.627	0.009	3.973	0.022	0.02	0.386	17.918	-0.014
30019	AAGEVEG	Veg?dselva	Skagerrak	06.01.2020 15:00	1	0	0	8.153	0.718	0.771	8.141	0.246	4.475	11.572	4322.754	0.025	4.098	0.06	0.055	0.424	49.246	-0.013
30019	AAGEVEG	Veg?dselva	Skagerrak	03.02.2020 11:15	2	0	0	9.972	0.716	0.761	8.213	0.249	4.505	12.748	4365.051	0.026	4.223	0.06	0.055	0.433	49.462	-0.013
30019	AAGEVEG	Veg?dselva	Skagerrak	02.03.2020 10:45	3	0	0	8.324	0.713	0.772	8.288	0.224	4.539	11.955	3909.193	0.023	4.075	0.054	0.049	0.415	44.114	-0.013
30019	AAGEVEG	Veg?dselva	Skagerrak	13.04.2020 19:00	4	0	0	8.539	0.702	0.806	8.657	0.197	4.707	12.156	3371.846	0.019	4.2	0.046	0.042	0.409	37.167	-0.014
30019	AAGEVEG	Veg?dselva	Skagerrak	04.05.2020 11:15	5	0	0	9.391	0.695	0.832	9.24	0.171	4.947	13.977	2853.808	0.015	3.633	0.038	0.035	0.329	29.922	-0.015
30019	AAGEVEG	Veg?dselva	Skagerrak	02.06.2020 09:10	6	0	0	6.692	0.687	0.873	9.535	0.166	5.11	11.317	2734.343	0.015	3.077	0.035	0.033	0.272	28.452	-0.015
30019	AAGEVEG	Veg?dselva	Skagerrak	06.07.2020 11:00	7	0	0	12.562	0.672	0.837	10.539	0.175	5.404	16.249	2794.69	0.014	3.302	0.035	0.032	0.26	26.699	-0.016
30019	AAGEVEG	Veg?dselva	Skagerrak	17.08.2020 10:30	8	0	0	8.676	0.689	0.882	9.613	0.173	5.164	11.846	2835.052	0.015	3.139	0.036	0.033	0.276	29.358	-0.016
30019	AAGEVEG	Veg?dselva	Skagerrak	07.09.2020 13:00	9	0	0	7.137	0.687	0.869	9.763	0.158	5.206	11.745	2582.286	0.014	3.16	0.033	0.03	0.272	26.301	-0.016
30019	AAGEVEG	Veg?dselva	Skagerrak	05.10.2020 13:00	10	0	0	7.899	0.706	0.791	8.989	0.238	4.838	11.704	4033.771	0.022	3.397	0.054	0.049	0.319	43.205	-0.014
30019	AAGEVEG	Veg?dselva	Skagerrak	02.11.2020 10:15	11	0	0	6.245	0.714	0.783	8.355	0.266	4.59	10.118	4630.715	0.027	3.919	0.063	0.058	0.397	52.199	-0.013
30019	AAGEVEG	Veg?dselva	Skagerrak	07.12.2020 12:30	12	0	0	8.097	0.715	0.768	8.326	0.259	4.551	11.546	4506.664	0.026	4.171	0.062	0.057	0.424	50.825	-0.013
36225	OSLEALN	Alna	Skagerrak	15.01.2020 11:00	1	0	0	6.617	0.705	0.769	8.671	0.155	4.761	10.482	2641.233	0.015	5.531	0.035	0.033	0.542	29.362	-0.013
36225	OSLEALN	Alna	Skagerrak	04.02.2020 11:20	2	0	0	11.142	0.696	0.758	9.534	0.149	5.048	14.494	2472.515	0.013	6.195	0.032	0.029	0.548	25.434	-0.014
36225	OSLEALN	Alna	Skagerrak	04.03.2020 11:05	3	0	0	8.429	0.691	0.791	9.824	0.14	5.222	12.897	2286.302	0.012	11.635	0.029	0.027	0.999	23.197	-0.014
36225	OSLEALN	Alna	Skagerrak	14.04.2020 10:55	4	0	0	4.84	0.678	0.913	10.222	0.1	5.614	8.161	1579.158	0.008	3.831	0.019	0.018	0.321	16.126	-0.016
36225	OSLEALN	Alna	Skagerrak	04.05.2020 12:15	5	0	0	5.312	0.665	0.875	11.293	0.104	5.959	8.768	1604.409	0.008	0.788	0.019	0.017	0.059	15.112	-0.016
36225	OSLEALN	Alna	Skagerrak	03.06.2020 11:30	6	0	0	8.765	0.67	0.871	12.184	0.078	6.315	13.168	1191.647	0.005	0.979	0.014	0.012	0.067	10.414	-0.017
36225	OSLEALN	Alna	Skagerrak	02.07.2020 11:05	7	0	0	11.754	0.672	0.804	12.302	0.121	6.147	19.774	1850.749	0.008	1.978	0.022	0.02	0.134	15.778	-0.016
36225	OSLEALN	Alna	Skagerrak	04.08.2020 10:45	8	0	0	8.52	0.669	0.873	11.964	0.107	6.152	11.479	1642.231	0.007	0.893	0.019	0.017	0.062	14.451	-0.017
36225	OSLEALN	Alna	Skagerrak	02.09.2020 10:20	9	0	0	5.681	0.659	0.863	13.384	0.072	6.749	11.277	1063.981	0.004	1.996	0.012	0.011	0.123	8.58	-0.017
36225	OSLEALN	Alna	Skagerrak	06.10.2020 10:50	10	0	0	6.953	0.691	0.831	9.702	0.178	5.258	10.855	2916.398	0.016	2.703	0.037	0.034	0.236	30.163	-0.015
36225	OSLEALN	Alna	Skagerrak	10.11.2020 11:05	11	0	0	6.22	0.689	0.786	9.921	0.139	5.256	11.185	2275.164	0.012	3.241	0.029	0.027	0.275	22.907	-0.014
36225	OSLEALN	Alna	Skagerrak	07.12.2020 11:45	12	0	0	6.367	0.705	0.786	8.516	0.205	4.719	9.736	3514.83	0.021	4.109	0.047	0.044	0.412	39.846	-0.013
38005	TROEM?2	M?selva v/gml E6-brua	Barents sea	06.01.2020 16:15	1	0	0	6.859	0.704	0.847	9.16	0.051	4.951	10.294	860.683	0.005	3.664	0.011	0.01	0.335	9.083	-0.015
38005	TROEM?2	M?selva v/gml E6-brua	Barents sea	06.02.2020 00:00	2	0	0	-1.117	0.676	0.843	12.344	0.032	6.023	-6.94	485.289	0.002	1.576	0.006	0.005	0.103	4.005	-0.017
38005	TROEM?2	M?selva v/gml E6-brua	Barents sea	02.03.2020 12:00	3	0	0	5.422	0.717	0.972	11.679	0.03	6.083	8.523	472.541	0.002	3.131	0.005	0.005	0.232	4.307	-0.018
38005	TROEM?2	M?selva v/gml E6-brua	Barents sea	14.04.2020 11:15	4	0	0	6.972	0.691	0.939	9.55	0.036	5.235	9.188	595.176	0.003	3.318	0.008	0.007	0.295	6.269	-0.016
38005	TROEM?2	M?selva v/gml E6-brua	Barents sea	04.05.2020 10:30	5	0	0	9.134	0.716	0.756	8.594	0.194	4.648	13.694	3354.376	0.019	3.803	0.045	0.042	0.373	36.811	-0.013
38005	TROEM?2	M?selva v/gml E6-brua	Barents sea	02.06.2020 12:20	6	0	0	6.166	0.722	0.814	7.759	0.117	4.417	9.676	2058.673	0.013	2.288	0.028	0.026	0.252	24.826	-0.013
38005	TROEM?2	M?selva v/gml E6-brua	Barents sea	06.07.2020 10:15	7	0	0	4.99	0.708	0.97	7.713	0.035	4.584	7.041	600.926	0.004	1.05	0.008	0.008	0.118	7.55	-0.014
38005	TROEM?2	M?selva v/gml E6-brua	Barents sea	03.08.2020 08:30	8	0	0	9.591	0.693	0.926	10.08	0.023	5.369	13.774	377.956	0.002	1.014	0.005	0.004	0.086	3.827	-0.016
38005	TROEM?2	M?selva v/gml E6-brua	Barents sea	07.09.2020 09:40	9	0	0	18.233	0.707	0.849	9.22	0.044	5.006	29	734.688	0.004	2.58	0.01	0.009	0.234	7.705	-0.015
38005	TROEM?2	M?selva v/gml E6-brua	Barents sea	05.10.2020 11:45	10	0	0	3.684	0.694	0.915	9.633	0.032	5.303	7.948	525.522	0.003	2.474	0.007	0.006	0.218	5.488	-0.016
38005	TROEM?2	M?selva v/gml E6-brua	Barents sea	02.11.2020 09:10	11	0	0	3.83	0.696	0.896	9.069	0.036	5.07	8.91	598.309	0.003	3.276	0.008	0.007	0.308	6.548	-0.015
38005	TROEM?2	M?selva v/gml E6-brua	Barents sea	07.12.2020 10:45	12	0	0	4.991	0.712	0.93	10.822	0.034	5.726	13.39	548.735	0.003	3.109	0.007	0.006	0.246	5.232	-0.017
